176 -> 31 -> 137 -> 151 -> 371 -> 129 -> 228 -> 81 -> 310 -> 309 -> 194 -> 156 -> 147 -> 241 -> 112 -> 54 -> 301 -> 255 -> 142 -> 223 -> 319 -> 141 -> 116 -> 139 -> 4 -> 65 -> 251 -> 240 -> 63 -> 331 -> 106 -> 369 -> 307 -> 20 -> 211 -> 270 -> 182 -> 382 -> 391 -> 390 -> 42 -> 373 -> 267 -> 107 -> 61 -> 370 -> 121 -> 2 -> 64 -> 15 -> 198 -> 313 -> 334 -> 68 -> 87 -> 173 -> 6 -> 375 -> 399 -> 266 -> 160 -> 303 -> 82 -> 227 -> 144 -> 50 -> 85 -> 26 -> 88 -> 353 -> 352 -> 283 -> 166 -> 197 -> 22 -> 263 -> 125 -> 60 -> 291 -> 379 -> 302 -> 150 -> 9 -> 220 -> 145 -> 101 -> 216 -> 200 -> 18 -> 155 -> 192 -> 338 -> 186 -> 183 -> 17 -> 92 -> 276 -> 298 -> 242 -> 91 -> 363 -> 204 -> 402 -> 287 -> 138 -> 377 -> 174 -> 185 -> 239 -> 117 -> 181 -> 202 -> 30 -> 245 -> 246 -> 332 -> 378 -> 337 -> 163 -> 25 -> 111 -> 376 -> 126 -> 27 -> 158 -> 284 -> 12 -> 201 -> 368 -> 262 -> 261 -> 172 -> 312 -> 35 -> 215 -> 149 -> 146 -> 253 -> 346 -> 94 -> 217 -> 384 -> 232 -> 118 -> 225 -> 308 -> 5 -> 221 -> 199 -> 162 -> 48 -> 47 -> 123 -> 277 -> 39 -> 318 -> 383 -> 34 -> 196 -> 45 -> 234 -> 133 -> 157 -> 1 -> 252 -> 148 -> 154 -> 387 -> 389 -> 206 -> 311 -> 10 -> 127 -> 191 -> 366 -> 271 -> 317 -> 175 -> 222 -> 250 -> 388 -> 108 -> 120 -> 365 -> 372 -> 41 -> 115 -> 114 -> 69 -> 124 -> 269 -> 344 -> 361 -> 16 -> 78 -> 113 -> 257 -> 140 -> 59 -> 21 -> 209 -> 278 -> 224 -> 79 -> 62 -> 95 -> 66 -> 74 -> 29 -> 23 -> 14 -> 305 -> 37 -> 13 -> 171 -> 103 -> 188 -> 299 -> 259 -> 268 -> 72 -> 57 -> 179 -> 401 -> 73 -> 254 -> 207 -> 0 -> 333 -> 131 -> 355 -> 52 -> 367 -> 76 -> 359 -> 187 -> 336 -> 321 -> 315 -> 105 -> 280 -> 134 -> 288 -> 362 -> 193 -> 102 -> 56 -> 24 -> 381 -> 177 -> 159 -> 7 -> 230 -> 226 -> 290 -> 285 -> 282 -> 272 -> 297 -> 110 -> 265 -> 275 -> 348 -> 329 -> 294 -> 395 -> 130 -> 132 -> 212 -> 345 -> 342 -> 122 -> 316 -> 58 -> 8 -> 135 -> 358 -> 327 -> 167 -> 36 -> 109 -> 326 -> 210 -> 104 -> 203 -> 93 -> 349 -> 168 -> 237 -> 180 -> 165 -> 164 -> 392 -> 256 -> 218 -> 49 -> 296 -> 295 -> 244 -> 70 -> 385 -> 67 -> 86 -> 75 -> 233 -> 324 -> 279 -> 286 -> 273 -> 281 -> 178 -> 100 -> 98 -> 38 -> 351 -> 46 -> 238 -> 51 -> 3 -> 77 -> 243 -> 247 -> 249 -> 320 -> 161 -> 43 -> 84 -> 350 -> 33 -> 340 -> 335 -> 360 -> 96 -> 189 -> 364 -> 119 -> 400 -> 235 -> 380 -> 152 -> 40 -> 341 -> 236 -> 219 -> 19 -> 71 -> 304 -> 394 -> 393 -> 213 -> 28 -> 53 -> 214 -> 128 -> 306 -> 354 -> 90 -> 398 -> 396 -> 293 -> 374 -> 356 -> 325 -> 99 -> 300 -> 11 -> 169 -> 55 -> 184 -> 292 -> 343 -> 97 -> 89 -> 153 -> 143 -> 397 -> 260 -> 314 -> 323 -> 170 -> 339 -> 248 -> 347 -> 190 -> 258 -> 264 -> 322 -> 83 -> 32 -> 274 -> 136 -> 386 -> 44 -> 231 -> 205 -> 289 -> 195 -> 328 -> 357 -> 330 -> 229 -> 208 -> 80 -> 176
